0
1
2
3
4
5
6
7
8
9
11
12
13
14
16
17
19
20
21
22
23
24
25
26
29
30
31
32
33
34
36
37
38
39
40
41
42
44
46
47
48
49
50
51
52
53
54
55
56
57
58
59
61
62
63
64
66
67
68
69
70
71
72
73
74
75
76
77
79
80
81
82
83
84
85
86
87
88
89
90
91
92
93
94
96
97
98
99
100
101
102
103
104
105
106
108
109
111
113
117
118
119
120
121
122
123
124
125
126
128
129
130
131
132
133
134
135
136
137
138
139
142
143
145
146
147
148
149
150
151
153
154
155
156
157
158
159
160
161
162
163
164
166
167
169
170
172
173
174
175
177
178
179
180
181
182
183
184
185
186
187
188
189
190
191
193
194
195
196
197
198
199
200
201
202
203
205
206
209
210
211
212
214
215
216
217
218
222
224
225
226
228
229
230
234
236
237
239
240
242
243
244
245
246
247
249
251
252
256
259
260
262
266
271
272
273
274
275
279
280
281
282
283
284
287
288
289
290
291
293
294
296
298
299
300
301
302
305
306
310
311
312
318
321
322
325
330
334
335
338
339
343
344
345
346
347
348
349
350
351
352
353
355
356
358
361
362
363
364
365
366
367
370
372
374
375
377
379
381
386
387
389
391
392
393
394
397
401
402
403
405
406
407
408
413
415
417
419
420
423
424
426
427
429
430
432
433
435
437
438
439
440
441
445
446
447
448
451
452
453
454
455
457
458
459
460
461
462
471
472
474
477
480
481
482
483
485
486
487
489
490
491
492
494
495
496
497
498
499
500
501
502
504
505
506
507
508
509
510
511
513
514
515
517
519
520
521
522
523
524
526
527
528
530
531
534
535
536
537
538
540
541
542
545
546
547
548
549
550
551
552
553
554
555
556
558
559
560
561
562
563
564
565
566
568
570
571
572
573
574
575
576
577
579
580
581
582
583
586
587
589
592
593
594
595
597
599
600
601
604
605
606
608
609
610
613
614
615
616
617
619
620
621
622
626
628
629
630
631
632
635
636
639
640
643
644
645
646
648
649
652
657
658
665
671
677
678
679
681
682
685
688
690
691
692
696
699
706
707
710
711
713
715
717
727
728
735
736
737
740
741
743
744
745
746
747
749
752
757
759
760
761
762
763
764
765
766
767
768
771
774
775
776
777
778
781
782
783
784
786
787
788
789
791
793
795
797
798
799
800
801
802
804
806
807
808
811
814
815
816
817
818
819
820
821
822
823
824
825
827
828
830
831
832
836
837
838
839
840
841
842
843
845
847
848
850
852
853
854
855
857
858
859
860
861
862
865
872
873
875
876
878
879
880
881
883
884
885
887
888
889
890
892
893
894
895
896
897
898
899
900
901
902
903
905
906
910
911
913
914
916
917
920
922
924
925
926
927
928
929
930
931
932
933
934
936
937
940
942
943
944
945
946
947
948
949
950
951
952
953
954
955
956
957
958
959
960
961
962
964
965
966
967
968
969
970
972
974
975
976
977
978
980
981
982
983
984
985
986
988
989
990
991
992
993
994
995
996
997
998
999
1001
1002
1003
1004
1005
1006
1007
1008
1009
1010
1012
1013
1014
1015
1016
1017
1018
1019
1020
1021
1022
1023
1024
1026
1028
1029
1031
1032
1033
1034
1035
1036
1037
1038
1039
1040
1041
1042
1044
1046
1047
1050
1051
1052
1053
1054
1055
1057
1059
1062
1063
1064
1065
1066
1071
1072
1073
1074
1075
1076
1077
1078
1081
1086
1090
1092
1093
1094

398
661
662

10
18
28
60
65
95
110
112
114
127
141
144
165
168
171
176
192
204
207
208
213
220
221
231
232
241
253
257
258
261
265
267
268
270
277
278
292
295
303
304
307
308
309
314
315
316
317
319
320
323
324
326
327
328
329
331
332
333
336
337
340
341
342
360
368
369
371
373
376
380
382
383
385
388
395
396
399
400
404
411
412
414
418
421
422
425
428
442
443
444
449
450
456
463
464
465
466
467
469
470
473
475
476
478
479
484
488
493
503
512
525
532
533
539
543
557
567
569
578
584
591
596
611
623
624
625
627
633
637
641
650
653
656
660
664
666
667
668
669
672
673
674
675
676
680
683
684
686
693
694
695
697
700
702
704
705
712
714
716
729
730
731
732
733
734
751
769
770
772
773
779
790
796
805
809
810
812
826
835
849
851
856
863
864
866
867
868
886
891
908
912
915
921
923
935
938
939
973
1011
1030
1045
1067
1069
1070
1083
1084
1085
1087

43
45
107
116
297
354
357
359
434
585
588
590
598
634
670
701
703
708
718
719
721
722
723
726
739
813
846
871
907

904
1061

219
223
227
233
235
248
250
263
264
269
276
285
286
378
384
409
410
416
431
436
468
544
602
607
654
659
687
689
833
874
877
918
919
979

254
518
612
618
638
642
647
651
655
663
720
724
738
742
750
753
754
755
756
758
780
785
794
803
829
909
963
971
987
1027
1049
1056
1058
1091

255
792
941
1000
1043
1048

15
27
35
152
1025

844
1060

834
1068
1079
1080
1082
1089

313
748

238
698
709
725
882

516
603

78
115

869
1088

140

390

870

529

